[2025-01-23-18:06:11'154"]Exec 3 Time:
   [ImageDev_OpenImageFile]
      Cur: 0.02430 ms
      Avg: 0.00 ms
      Max: -179769313486232000000000000000000000000000000000000000000000000000000000000000000000000000000000000000000000000000000000000000000000000000000000000000000000000000000000000000000000000000000000000000000000000000000000000000000000000000000000000000000000000000000000000000000000000000000000000000000000000000000.00 ms
   [Drawing2Form]
      Cur: 0.00000 ms
      Avg: 0.00 ms
      Max: -179769313486232000000000000000000000000000000000000000000000000000000000000000000000000000000000000000000000000000000000000000000000000000000000000000000000000000000000000000000000000000000000000000000000000000000000000000000000000000000000000000000000000000000000000000000000000000000000000000000000000000000.00 ms

