[2025-01-24-09:36:44'083"]Exec 3 Time:
   [ImageDev_OpenImageFile]
      Cur: 0.01650 ms
      Avg: 0.00 ms
   [Drawing2Form]
      Cur: 0.00000 ms
      Avg: 0.00 ms

[2025-01-24-09:37:08'909"]Exec 2 Time:
   [ImageDev_OpenImageFile]
      Cur: 35.41680 ms
      Min: 27.57 ms
      Avg: 32.56 ms
      Max: 41.57 ms
   [Drawing2Form]
      Cur: 0.00000 ms
      Min: 7.78 ms
      Avg: 10.27 ms
      Max: 20.24 ms

